0.2010 0.2011
0.2236 0.2237
0.2425 0.2425
0.2491 0.2492
0.2734 0.2735
0.2366 0.4604
0.2652 0.4663
0.2417 0.4843
0.2682 0.5174
0.2454 0.5189
0.2749 0.7412
0.2846 0.7450
0.2648 0.7491
0.2373 0.7562
0.2708 0.7882
0.2334 0.9784
0.2415 0.9827
0.2544 1.0035
0.2206 1.0088
0.2557 1.0119
0.2394 1.2177
0.2417 1.2244
0.2309 1.2344
0.2325 1.2444
0.2382 1.2471
0.2364 1.4541
0.2485 1.4729
0.2450 1.4794
0.2468 1.4913
0.2662 1.5132
0.2293 1.7086
0.2412 1.7141
0.2324 1.7237
0.2759 1.7301
0.2528 1.7660
0.2170 1.9256
0.2335 1.9572
0.2500 1.9641
0.2565 1.9866
0.2506 2.0166
0.1847 2.2014
0.2431 2.2073
0.2572 2.2145
0.3015 2.2273
0.2534 2.2399
0.2156 2.4229
0.2302 2.4574
0.2532 2.4677
0.2677 2.4691
0.2520 2.4920
