0.2366 0.2366
0.2367 0.2367
0.2384 0.2384
0.2440 0.2441
0.2479 0.2480
0.2705 0.5071
0.2741 0.5181
0.2819 0.5186
0.2732 0.5212
0.3183 0.5567
0.2482 0.7663
0.2558 0.7744
0.2593 0.7805
0.2753 0.7824
0.2373 0.7940
0.2276 1.0081
0.2381 1.0125
0.2486 1.0151
0.2461 1.0286
0.2729 1.0669
0.2436 1.2518
0.2436 1.2561
0.2449 1.2734
0.2583 1.2734
0.2397 1.3066
0.2569 1.5304
0.2744 1.5305
0.2579 1.5313
0.2842 1.5361
0.2612 1.5678
0.2376 1.7737
0.2723 1.8036
0.2757 1.8061
0.2796 1.8101
0.2486 1.8164
0.2487 2.0225
0.2466 2.0567
0.2600 2.0636
0.2583 2.0645
0.2680 2.0844
0.2339 2.2565
0.2607 2.3243
0.2453 2.3297
0.2767 2.3335
0.2711 2.3356
0.2379 2.4945
0.2383 2.5626
0.2375 2.5673
0.2363 2.5719
0.2561 2.5897
