0.2318 0.2319
0.3955 0.3955
0.5754 0.5754
0.7029 0.7029
0.8624 0.8625
0.7960 1.0279
0.7959 1.1914
0.8027 1.3781
0.8434 1.5464
0.8622 1.7247
0.8830 1.9109
0.8994 2.0908
0.8773 2.2553
0.8743 2.4207
0.8600 2.5847
0.8408 2.7517
0.8441 2.9350
0.8446 3.1000
0.8450 3.2656
0.8514 3.4361
0.8498 3.6016
0.8513 3.7863
0.8534 3.9534
0.8678 4.1335
0.8633 4.2994
0.8858 4.4873
0.8715 4.6578
0.8691 4.8225
0.8559 4.9894
0.8803 5.1798
0.8577 5.3450
0.8082 5.4660
0.8094 5.6319
0.8127 5.8021
0.8123 5.9920
0.8126 6.1577
0.8888 6.3548
0.8613 6.4932
0.8581 6.6602
0.8385 6.8305
0.8387 6.9964
0.8217 7.1766
0.8667 7.3599
0.8900 7.5503
0.9061 7.7366
0.9249 7.9213
0.9365 8.1131
0.8825 8.2425
0.8585 8.4088
0.8585 8.5951
